GO.ID	Description	p.Val	FDR	Phenotype	Genes
REAC:211859	Biological oxidations	0.0192	0.0192	1	AOC1,MGST2,CYP3A5,CYP2C18,ALDH2,SLC35D1,AKR7A3,BPNT1,CYP2S1,CES2,GSTA1
GO:0070085	glycosylation	0.00337	0.00337	1	ST6GALNAC1,PARP4,GALNT5,GALNT6,GCNT3,B3GNT7,MUC17,MUC13,FUT2,ACER2,MUC1
GO:0043413	macromolecule glycosylation	0.00337	0.00337	1	ST6GALNAC1,PARP4,GALNT5,GALNT6,GCNT3,B3GNT7,MUC17,MUC13,FUT2,ACER2,MUC1
GO:0009101	glycoprotein biosynthetic process	0.0105	0.0105	1	ST6GALNAC1,PARP4,GALNT5,GALNT6,GCNT3,B3GNT7,MUC17,MUC13,FUT2,ACER2,MUC1
GO:0006486	protein glycosylation	0.00337	0.00337	1	ST6GALNAC1,PARP4,GALNT5,GALNT6,GCNT3,B3GNT7,MUC17,MUC13,FUT2,ACER2,MUC1
GO:0003779	actin binding	0.0386	0.0386	1	LIMA1,SPTBN1,MLPH,PLS1,POF1B,VIL1,HIP1R,CGN,IQGAP2,MYO1D,ANG
